O 3101 9754 0 3099 9754 0 2
O 3107 9757 0 3107 9758 0 2
O 3101 9757 0 3101 9758 0 2
O 2176 3155 0 2173 3155 0 2
O 1117 3428 0 1119 3427 0 2
O 2145 4647 1 2142 4647 1 2
O 2145 4647 1 2144 4649 1 2
O 2173 4723 1 2175 4723 1 2
O 3164 10042 0 3161 10043 0 2
O 3164 10042 0 3164 10045 0 2
O 2238 3269 0 2238 3272 0 2
O 1193 3400 0 1192 3402 0 2
O 3262 6024 0 3262 6021 0 2
O 3208 6078 0 3205 6078 0 2
O 3241 6176 0 3241 6179 0 2
O 3240 9497 2 3238 9496 2 2
O 3266 2784 0 3264 2784 0 2
O 3288 3033 0 3287 3034 0 2
O 2272 4078 0 2271 4076 0 2
O 3281 5979 0 3282 5979 0 2
O 3300 6013 0 3301 6013 0 2
O 3296 6427 0 3296 6426 0 2
O 3296 6427 0 3294 6426 0 2
O 3419 3185 1 3419 3187 1 2
O 1367 3639 0 1371 3641 0 2
O 2399 5169 0 2398 5167 0 2
O 2386 5982 0 2386 5980 0 2
O 2386 5982 0 2386 5984 0 2
O 1403 9558 1 1403 9556 1 2
O 1403 9565 1 1403 9566 1 2
O 3423 9947 3 3423 9949 3 2
O 2435 3314 0 2433 3312 0 2
O 2471 3426 0 2471 3424 0 2
O 2483 3431 0 2483 3432 0 2
O 1416 9553 1 1414 9553 1 2
O 1416 9569 1 1414 9569 1 2
O 1427 9588 1 1426 9589 1 2
O 1432 9555 1 1430 9555 1 2
O 1432 9567 1 1430 9567 1 2
O 1447 9555 1 1448 9555 1 2
O 1463 9553 1 1464 9553 1 2
O 1463 9569 1 1464 9569 1 2
O 2491 9863 0 2493 9863 0 2
O 2539 2215 0 2537 2215 0 2
O 2542 3326 0 2541 3326 0 2
O 1480 9553 1 1478 9553 1 2
O 1480 9569 1 1478 9569 1 2
O 3612 3208 0 3612 3209 0 2
O 3632 10264 0 3632 10261 0 2
O 2681 6441 0 2684 6442 0 2
O 3671 9886 2 3672 9890 2 2
O 2657 10410 0 2657 10408 0 2
O 3724 3355 1 3725 3353 1 2
O 3753 3867 0 3757 3867 0 2
O 3738 9703 1 3737 9699 1 2
O 2753 2730 0 2755 2730 0 2
O 2795 2793 0 2796 2797 0 2
O 2806 2784 0 2808 2784 0 2
O 2797 3075 0 2795 3075 0 2
O 2789 4593 0 2788 4593 0 2
O 2816 3082 0 2817 3083 0 2
O 2862 5354 2 2864 5353 2 2
O 2845 9634 0 2847 9634 0 2
O 2854 10054 1 2855 10055 1 2
O 2864 10208 0 2862 10208 0 2
O 2931 3240 0 2933 3240 0 2
O 1864 4637 0 1866 4637 0 2
O 2909 5265 0 2907 5264 0 2
O 2910 9910 0 2909 9909 0 2
O 2970 4382 2 2974 4382 2 2
O 3045 2996 0 3048 2999 0 2
O 2014 4711 1 2017 4711 1 2
O 2014 4711 1 2016 4713 1 2
O 2014 4710 1 2016 4710 1 2
O 3049 9839 0 3051 9839 0 2
O 3106 9764 0 3104 9764 0 2
O 3101 9764 0 3099 9764 0 2
O 3101 9759 0 3099 9759 0 2
O 3318 5996 0 3318 5995 0 2
O 2033 4704 1 2033 4700 1 2
O 2032 4692 1 2032 4688 1 2
O 2032 4717 1 2033 4721 1 2
O 2023 4677 1 2019 4678 1 2
O 2033 4726 1 2034 4730 1 2
O 1995 4683 1 1995 4679 1 2
T 1239 1239 0 1237 1237 0 2
T 1241 1239 0 1243 1237 0 2
T 1367 1239 0 1365 1237 0 2
T 1369 1239 0 1371 1237 0 2
T 1303 1303 0 1301 1301 0 2
T 1305 1303 0 1307 1301 0 2
T 2570 2175 0 2572 2177 0 2
T 3370 2197 0 3369 2198 0 1
T 2529 2192 0 2528 2193 0 1
T 2605 2217 0 2604 2216 0 1
T 2618 2229 0 2617 2230 0 1
T 2564 2243 0 2563 2242 0 1
T 2976 2245 0 2978 2247 0 2
T 2323 2276 0 2324 2275 0 1
T 2613 2264 0 2612 2265 0 1
T 2556 2274 0 2558 2276 0 2
T 2614 2284 0 2613 2283 0 1
T 2595 2291 0 2596 2292 0 1
T 2179 2308 0 2180 2309 0 1
T 2847 2326 0 2848 2325 0 1
T 3213 2362 0 3215 2364 0 2
T 1809 2415 0 1810 2414 0 1
T 3534 2378 0 3536 2380 0 2
T 2651 2382 0 2653 2384 0 2
T 1903 2395 0 1902 2397 0 2
T 3088 2399 0 3089 2400 0 1
T 1836 2437 0 1837 2436 0 1
T 3535 2439 0 3536 2440 0 1
T 3098 2460 0 3099 2461 0 1
T 2802 2461 0 2803 2460 0 1
T 1889 2468 0 1890 2469 0 1
T 1866 2476 0 1867 2475 0 1
T 1882 2474 0 1879 2471 0 3
T 3097 2469 0 3099 2471 0 2
T 3686 2476 0 3684 2474 0 2
T 1879 2476 0 1881 2478 0 2
T 3670 2600 0 3671 2599 0 1
T 3738 2495 0 3737 2497 0 2
T 2799 2520 0 2800 2519 0 1
T 3615 2516 0 3613 2518 0 2
T 2535 2524 0 2533 2522 0 2
T 2795 2526 0 2796 2527 0 1
T 3078 2532 0 3080 2534 0 2
T 3087 2544 0 3087 2542 0 2
T 3144 2544 0 3142 2542 0 2
T 3726 2562 0 3727 2563 0 1
T 3118 2547 0 3116 2545 0 2
T 3824 2546 0 3823 2547 0 1
T 2641 2560 0 2642 2561 0 1
T 2081 2585 0 2079 2587 0 2
T 3856 2594 0 3857 2595 0 1
T 2064 2594 0 2066 2596 0 2
T 2970 2613 0 2969 2614 0 1
T 2668 2608 0 2670 2607 0 2
T 3063 2647 0 3062 2646 0 1
T 2659 2637 0 2660 2638 0 1
T 3878 2640 0 3879 2641 0 1
T 2637 2641 0 2638 2642 0 1
T 2669 2641 0 2670 2642 0 1
T 3791 2644 0 3790 2645 0 1
T 2631 2648 0 2632 2649 0 1
T 1766 2667 0 1765 2668 0 1
T 3872 2649 0 3873 2650 0 1
T 3835 2656 0 3834 2655 0 1
T 3854 2659 0 3855 2660 0 1
T 2031 2661 0 2030 2662 0 1
T 3197 2670 0 3198 2671 0 1
T 3197 2679 0 3198 2680 0 1
T 3197 2685 0 3198 2686 0 1
T 2052 2694 0 2054 2696 0 2
T 2070 2694 0 2072 2696 0 2
T 3266 2696 0 3265 2697 0 1
T 3195 2699 0 3194 2700 0 1
T 2060 2709 0 2060 2707 0 2
T 3245 2702 0 3244 2703 0 1
T 3277 2703 0 3276 2704 0 1
T 3251 2707 0 3252 2706 0 1
T 3177 2709 0 3178 2710 0 1
T 3214 2710 0 3213 2711 0 1
T 3254 2711 0 3253 2712 0 1
T 3280 2712 0 3281 2713 0 1
T 3266 2715 0 3265 2716 0 1
T 3213 2718 0 3212 2717 0 1
T 2101 2717 0 2098 2720 0 3
T 3274 2722 0 3273 2723 0 1
T 3432 2721 0 3431 2722 0 1
T 3244 2724 0 3245 2723 0 1
T 3248 2722 0 3247 2723 0 1
T 2773 2728 0 2775 2729 0 2
T 3403 2728 0 3405 2730 0 2
T 2473 2730 0 2475 2732 0 2
T 2695 2741 0 2696 2740 0 1
T 2731 2736 0 2734 2739 0 3
T 2756 2744 0 2755 2745 0 1
T 3290 2752 0 3291 2753 0 1
T 1541 2777 0 1542 2778 0 1
T 3210 2753 0 3211 2754 0 1
T 1202 2768 0 1203 2767 0 1
T 2724 2757 0 2727 2760 0 3
T 3153 2761 0 3152 2762 0 1
T 3150 2765 0 3151 2764 0 1
T 1184 2769 0 1186 2767 0 2
T 3435 2763 0 3437 2765 0 2
T 3178 2767 0 3179 2766 0 1
T 3188 2765 0 3187 2766 0 1
T 3140 2787 0 3141 2786 0 1
T 3607 2780 0 3608 2779 0 1
T 2739 2770 0 2740 2771 0 1
T 3171 2774 0 3170 2773 0 1
T 1176 2772 0 1178 2774 0 2
T 1153 2776 0 1154 2777 0 1
T 1244 2776 0 1243 2777 0 1
T 1215 2778 0 1216 2780 0 2
T 1159 2784 0 1158 2785 0 1
T 1233 2789 0 1231 2791 0 2
T 3404 2791 0 3402 2793 0 2
T 1137 2792 0 1139 2794 0 2
T 3429 2792 0 3431 2794 0 2
T 3215 2800 0 3216 2801 0 1
T 1144 2808 0 1145 2807 0 1
T 2190 2804 0 2191 2805 0 1
T 3223 2807 0 3224 2808 0 1
T 3252 2807 0 3251 2808 0 1
T 3375 2815 0 3377 2813 0 2
T 3199 2808 0 3198 2809 0 1
T 3225 2811 0 3224 2810 0 1
T 3252 2811 0 3251 2810 0 1
T 1207 2828 0 1206 2827 0 1
T 3418 2811 0 3416 2813 0 2
T 3196 2817 0 3198 2815 0 2
T 3199 2818 0 3198 2817 0 1
T 2442 2816 0 2444 2818 0 2
T 2900 2818 0 2901 2819 0 1
T 3052 2837 0 3051 2838 0 1
T 3388 2829 0 3390 2827 0 2
T 3127 2831 0 3129 2831 0 2
T 2205 2834 0 2204 2833 0 1
T 2215 2837 0 2214 2835 0 2
T 2190 2840 0 2187 2843 0 3
T 2130 2845 0 2129 2846 0 1
T 2195 2850 0 2194 2851 0 1
T 2474 2845 0 2473 2846 0 1
T 2135 2852 0 2134 2853 0 1
T 2458 2859 0 2460 2861 0 2
T 2085 2857 0 2087 2859 0 2
T 3043 2856 0 3040 2859 0 3
T 2539 2859 0 2540 2860 0 1
T 2210 2860 0 2212 2862 0 2
T 2107 2878 0 2109 2876 0 2
T 2461 2874 0 2462 2873 0 1
T 2516 2870 0 2518 2872 0 2
T 1372 2883 0 1374 2881 0 2
T 2462 2878 0 2464 2880 0 2
T 1288 2899 0 1287 2900 0 1
T 1423 2882 0 1420 2885 0 3
T 3424 2886 0 3425 2887 0 1
T 1438 2886 0 1436 2888 0 2
T 2510 2889 0 2511 2890 0 1
T 2589 2890 0 2591 2892 0 2
T 1429 2896 0 1426 2893 0 3
T 1314 2893 0 1315 2894 0 1
T 2306 2899 0 2304 2901 0 2
T 2111 2905 0 2112 2904 0 1
T 2596 2903 0 2595 2902 0 1
T 1314 2903 0 1316 2905 0 2
T 1367 2911 0 1368 2910 0 1
T 2474 2914 0 2476 2912 0 2
T 1633 2910 0 1632 2911 0 1
T 1468 2917 0 1471 2918 0 3
T 1740 2923 0 1739 2922 0 1
T 2554 2920 0 2553 2921 0 1
T 1455 2923 0 1457 2925 0 2
T 1733 2925 0 1732 2924 0 1
T 3431 2925 0 3432 2926 0 1
T 2549 2934 0 2548 2933 0 1
T 2540 2930 0 2541 2931 0 1
T 3816 2930 0 3818 2932 0 2
T 3488 2931 0 3487 2933 0 2
T 1732 2933 0 1733 2934 0 1
T 3474 2932 0 3476 2934 0 2
T 1295 2939 0 1296 2940 0 1
T 3775 2944 0 3776 2944 0 1
T 1373 2946 0 1372 2945 0 1
T 3508 2944 0 3510 2946 0 2
T 2768 2945 0 2769 2947 0 2
T 2917 2960 0 2916 2959 0 1
T 2929 2946 0 2931 2948 0 2
T 3476 2952 0 3477 2951 0 1
T 3026 2949 0 3028 2951 0 2
T 1375 2958 0 1374 2957 0 1
T 1384 2956 0 1385 2957 0 1
T 2907 2963 0 2906 2962 0 1
T 3475 2957 0 3474 2958 0 1
T 2782 2966 0 2781 2965 0 1
T 1340 2959 0 1339 2960 0 1
T 3479 2958 0 3481 2960 0 2
T 3768 2985 0 3767 2984 0 1
T 2796 2962 0 2798 2964 0 2
T 3840 2966 0 3839 2965 0 1
T 1350 2967 0 1351 2968 0 1
T 3510 2970 0 3512 2968 0 2
T 2903 2976 0 2902 2975 0 1
T 2856 2973 0 2857 2974 0 1
T 2875 2972 0 2877 2974 0 2
T 1523 2976 0 1524 2976 0 1
T 3840 2975 0 3839 2976 0 1
T 3661 2976 0 3662 2977 0 1
T 3471 2978 0 3470 2979 0 1
T 1501 2978 0 1503 2980 0 2
T 2229 2980 0 2227 2981 0 2
T 3344 2990 0 3342 2992 0 2
T 3775 2986 0 3778 2983 0 3
T 3038 2982 0 3040 2984 0 2
T 3493 2988 0 3492 2989 0 1
T 3701 2990 0 3702 2989 0 1
T 3059 2987 0 3057 2989 0 2
T 3016 2987 0 3019 2990 0 3
T 3067 3010 0 3069 3008 0 2
T 3480 2995 0 3481 2996 0 1
T 2909 3000 0 2910 3001 0 1
T 3489 3000 0 3490 3001 0 1
T 3098 3018 0 3100 3016 0 2
T 3502 3010 0 3503 3011 0 1
T 2506 3011 0 2508 3011 0 2
T 2810 3015 0 2809 3016 0 1
T 2574 3012 0 2576 3014 0 2
T 3484 3015 0 3486 3017 0 2
T 2537 3013 0 2540 3016 0 3
T 2566 3022 0 2567 3023 0 1
T 1431 3040 0 1430 3039 0 1
T 2546 3025 0 2543 3028 0 3
T 2764 3027 0 2764 3029 0 2
T 2914 3040 0 2913 3039 0 1
T 2979 3029 0 2978 3030 0 1
T 1305 3035 0 1304 3036 0 1
T 1305 3035 0 1304 3034 0 1
T 1401 3032 0 1400 3033 0 1
T 1408 3061 0 1407 3060 0 1
T 3278 3032 0 3275 3035 0 3
T 2573 3035 0 2572 3036 0 1
T 2981 3052 0 2980 3053 0 1
T 2486 3039 0 2485 3038 0 1
T 2478 3043 0 2477 3042 0 1
T 2547 3039 0 2550 3042 0 3
T 1542 3041 0 1539 3044 0 3
T 1419 3050 0 1420 3051 0 1
T 2909 3059 0 2908 3058 0 1
T 2988 3052 0 2987 3053 0 1
T 3829 3056 0 3828 3055 0 1
T 3079 3058 0 3078 3057 0 1
T 3113 3054 0 3112 3055 0 1
T 2169 3054 0 2171 3056 0 2
T 2517 3053 0 2520 3056 0 3
T 1539 3062 0 1542 3059 0 3
T 3062 3086 0 3064 3088 0 2
T 1550 3057 0 1553 3060 0 3
T 3124 3059 0 3125 3060 0 1
T 1294 3060 0 1293 3061 0 1
T 3096 3060 0 3097 3061 0 1
T 2907 3062 0 2906 3064 0 2
T 2999 3065 0 2998 3064 0 1
T 2401 3065 0 2402 3066 0 1
T 2385 3068 0 2386 3069 0 1
T 1803 3067 0 1806 3070 0 3
T 2381 3069 0 2382 3070 0 1
T 1675 3070 0 1676 3071 0 1
T 1684 3070 0 1685 3071 0 1
T 2432 3093 0 2431 3092 0 1
T 1785 3072 0 1786 3073 0 1
T 2507 3072 0 2508 3073 0 1
T 1239 3078 0 1237 3080 0 2
T 1812 3078 0 1814 3080 0 2
T 1813 3078 0 1816 3081 0 3
T 3531 3079 0 3533 3081 0 2
T 1785 3086 0 1786 3085 0 1
T 2670 3082 0 2669 3083 0 1
T 2502 3090 0 2505 3087 0 3
T 2614 3087 0 2615 3088 0 1
T 1774 3088 0 1775 3089 0 1
T 3157 3092 0 3155 3090 0 2
T 1798 3090 0 1799 3091 0 1
T 1851 3090 0 1850 3091 0 1
T 2670 3090 0 2669 3091 0 1
T 1786 3089 0 1787 3092 0 3
T 1796 3096 0 1797 3097 0 1
T 1853 3096 0 1852 3097 0 1
T 3050 3105 0 3051 3104 0 1
T 1955 3098 0 1957 3100 0 2
T 1947 3099 0 1949 3101 0 2
T 2661 3105 0 2660 3106 0 1
T 1873 3104 0 1872 3105 0 1
T 1365 3107 0 1364 3108 0 1
T 1625 3110 0 1624 3109 0 1
T 1748 3110 0 1749 3111 0 1
T 1952 3111 0 1951 3112 0 1
T 3058 3116 0 3059 3115 0 1
T 1797 3120 0 1798 3119 0 1
T 1852 3120 0 1851 3119 0 1
T 2205 3122 0 2203 3120 0 2
T 2435 3123 0 2433 3121 0 2
T 1808 3133 0 1809 3131 0 2
T 1289 3134 0 1287 3132 0 2
T 3125 3135 0 3122 3132 0 3
T 3107 3132 0 3108 3133 0 1
T 2201 3140 0 2202 3139 0 1
T 2458 3142 0 2457 3141 0 1
T 3092 3136 0 3093 3135 0 1
T 1622 3133 0 1625 3136 0 3
T 2650 3138 0 2649 3137 0 1
T 1561 3137 0 1562 3138 0 1
T 1619 3138 0 1620 3139 0 1
T 2430 3142 0 2429 3143 0 1
T 2607 3138 0 2608 3139 0 1
T 2964 3138 0 2965 3140 0 2
T 2993 3139 0 2992 3140 0 1
T 2919 3142 0 2920 3141 0 1
T 2585 3141 0 2586 3142 0 1
T 2591 3141 0 2592 3142 0 1
T 2596 3141 0 2597 3142 0 1
T 2603 3142 0 2604 3143 0 1
T 2200 3144 0 2203 3146 0 3
T 2357 3150 0 2359 3148 0 2
T 2332 3150 0 2333 3149 0 1
T 1507 3150 0 1506 3151 0 1
T 2321 3153 0 2320 3154 0 1
T 2639 3150 0 2637 3150 0 2
T 1510 3150 0 1511 3151 0 1
T 1517 3150 0 1518 3151 0 1
T 1524 3150 0 1525 3151 0 1
T 1531 3150 0 1532 3151 0 1
T 1538 3150 0 1539 3151 0 1
T 1545 3150 0 1546 3151 0 1
T 1552 3150 0 1553 3151 0 1
T 1560 3150 0 1561 3151 0 1
T 1566 3150 0 1567 3151 0 1
T 1573 3150 0 1574 3151 0 1
T 1580 3150 0 1581 3151 0 1
T 1590 3150 0 1589 3151 0 1
T 1594 3150 0 1595 3151 0 1
T 1601 3150 0 1602 3151 0 1
T 1609 3150 0 1610 3151 0 1
T 1724 3149 0 1726 3151 0 2
T 2302 3150 0 2303 3151 0 1
T 2585 3150 0 2586 3151 0 1
T 2608 3151 0 2607 3152 0 1
T 2340 3155 0 2339 3154 0 1
T 2609 3151 0 2610 3152 0 1
T 3820 3152 0 3821 3153 0 1
T 3829 3152 0 3828 3153 0 1
T 2580 3155 0 2581 3156 0 1
T 2888 3156 0 2889 3157 0 1
T 1402 3157 0 1405 3158 0 3
T 1456 3162 0 1456 3160 0 2
T 2353 3159 0 2354 3160 0 1
T 3264 3160 0 3265 3161 0 1
T 1771 3161 0 1772 3162 0 1
T 2079 3174 0 2080 3175 0 1
T 2617 3161 0 2616 3162 0 1
T 2676 3162 0 2677 3163 0 1
T 2617 3165 0 2616 3166 0 1
T 1470 3171 0 1471 3170 0 1
T 2309 3170 0 2307 3168 0 2
T 2644 3168 0 2645 3169 0 1
T 2667 3171 0 2670 3170 0 3
T 1706 3169 0 1709 3172 0 3
T 2587 3173 0 2586 3172 0 1
T 2653 3172 0 2654 3173 0 1
T 1734 3172 0 1731 3175 0 3
T 3653 3177 0 3654 3178 0 1
T 2319 3175 0 2318 3176 0 1
T 2742 3177 0 2744 3179 0 2
T 2437 3181 0 2436 3182 0 1
T 3640 3181 0 3641 3182 0 1
T 1790 3187 0 1787 3184 0 3
T 2320 3183 0 2319 3184 0 1
T 3710 3186 0 3711 3185 0 1
T 2331 3184 0 2331 3185 0 1
T 1406 3187 0 1408 3187 0 2
T 3249 3187 0 3250 3188 0 1
T 2311 3192 0 2312 3193 0 1
T 2175 3190 0 2174 3191 0 1
T 3024 3191 0 3025 3192 0 1
T 3682 3191 0 3680 3193 0 2
T 3407 3191 0 3407 3194 0 3
T 3417 3196 0 3415 3194 0 2
T 1471 3206 0 1473 3208 0 2
T 3618 3196 0 3619 3197 0 1
T 2234 3196 0 2231 3199 0 3
T 2548 3202 0 2549 3201 0 1
T 2180 3205 0 2177 3202 0 3
T 3034 3204 0 3034 3206 0 2
T 3332 3206 0 3334 3208 0 2
T 3368 3206 0 3370 3208 0 2
T 1629 3218 0 1627 3216 0 2
T 2171 3212 0 2173 3214 0 2
T 2168 3220 0 2170 3222 0 2
T 3429 3220 0 3431 3222 0 2
T 3441 3233 0 3440 3234 0 1
T 1478 3227 0 1481 3224 0 3
T 1612 3230 0 1614 3228 0 2
T 2225 3225 0 2227 3226 0 2
T 3619 3225 0 3620 3226 0 1
T 3385 3226 0 3386 3227 0 1
T 3613 3226 0 3614 3227 0 1
T 3038 3226 0 3038 3228 0 2
T 3044 3226 0 3046 3228 0 2
T 2195 3227 0 2193 3229 0 2
T 2302 3233 0 2304 3235 0 2
T 2186 3228 0 2184 3230 0 2
T 3670 3230 0 3669 3231 0 1
T 1533 3230 0 1536 3232 0 3
T 2286 3230 0 2284 3232 0 2
T 2292 3230 0 2294 3232 0 2
T 2207 3240 0 2206 3239 0 1
T 2456 3234 0 2457 3233 0 1
T 1665 3241 0 1663 3239 0 2
T 2226 3242 0 2227 3241 0 1
T 2241 3235 0 2243 3237 0 2
T 3029 3237 0 3031 3239 0 2
T 2286 3238 0 2285 3240 0 2
T 3087 3239 0 3088 3240 0 1
T 3120 3239 0 3121 3240 0 1
T 2183 3243 0 2181 3241 0 2
T 2254 3239 0 2256 3241 0 2
T 3332 3244 0 3334 3246 0 2
T 3368 3244 0 3370 3246 0 2
T 2264 3251 0 2263 3252 0 1
T 3632 3248 0 3633 3249 0 1
T 3121 3260 0 3120 3259 0 1
T 2274 3258 0 2277 3255 0 3
T 2331 3253 0 2333 3255 0 2
T 3596 3258 0 3593 3255 0 3
T 3595 3258 0 3594 3258 0 1
T 3623 3257 0 3622 3258 0 1
T 2605 3258 0 2605 3259 0 1
T 1623 3271 0 1621 3269 0 2
T 2287 3264 0 2288 3265 0 1
T 2301 3268 0 2299 3266 0 2
T 3623 3261 0 3624 3262 0 1
T 3591 3263 0 3589 3263 0 2
T 2618 3263 0 2617 3264 0 1
T 2602 3265 0 2603 3266 0 1
T 3595 3266 0 3594 3267 0 1
T 3608 3266 0 3609 3267 0 1
T 3334 3267 0 3335 3268 0 1
T 1509 3266 0 1512 3269 0 3
T 2620 3269 0 2621 3270 0 1
T 1461 3268 0 1464 3271 0 3
T 1879 3269 0 1881 3271 0 2
T 3612 3270 0 3612 3271 0 1
T 3333 3272 0 3334 3272 0 1
T 3600 3272 0 3601 3273 0 1
T 2627 3273 0 2628 3274 0 1
T 2601 3274 0 2600 3275 0 1
T 3623 3274 0 3624 3275 0 1
T 2620 3275 0 2621 3276 0 1
T 2915 3274 0 2917 3276 0 2
T 2914 3277 0 2915 3278 0 1
T 2680 3276 0 2682 3278 0 2
T 2617 3279 0 2618 3280 0 1
T 2768 3279 0 2769 3280 0 1
T 2778 3279 0 2779 3280 0 1
T 1725 3279 0 1722 3282 0 3
T 3624 3281 0 3625 3282 0 1
T 2571 3284 0 2570 3283 0 1
T 1529 3287 0 1526 3284 0 3
T 2570 3285 0 2569 3284 0 1
T 2583 3285 0 2584 3284 0 1
T 3620 3284 0 3621 3285 0 1
T 2760 3285 0 2761 3286 0 1
T 3592 3285 0 3594 3287 0 2
T 2202 3295 0 2201 3294 0 1
T 3599 3292 0 3598 3291 0 1
T 3599 3292 0 3597 3292 0 2
T 1508 3298 0 1510 3296 0 2
T 1722 3295 0 1720 3295 0 2
T 3608 3293 0 3609 3294 0 1
T 1873 3295 0 1875 3297 0 2
T 2169 3298 0 2171 3298 0 2
T 3599 3295 0 3596 3298 0 3
T 3601 3296 0 3600 3298 0 2
T 1717 3311 0 1716 3310 0 1
T 1649 3302 0 1647 3304 0 2
T 1641 3307 0 1639 3305 0 2
T 3579 3304 0 3581 3306 0 2
T 1176 3316 0 1174 3314 0 2
T 3353 3305 0 3351 3307 0 2
T 3626 3308 0 3625 3307 0 1
T 3567 3307 0 3568 3308 0 1
T 2573 3308 0 2574 3309 0 1
T 3604 3312 0 3606 3310 0 2
T 1590 3311 0 1589 3312 0 1
T 3627 3311 0 3628 3312 0 1
T 3640 3312 0 3641 3313 0 1
T 3593 3312 0 3595 3314 0 2
T 2184 3316 0 2181 3315 0 3
T 3616 3313 0 3614 3315 0 2
T 2802 3322 0 2801 3321 0 1
T 3638 3319 0 3639 3320 0 1
T 2181 3326 0 2179 3324 0 2
T 3632 3321 0 3633 3322 0 1
T 1247 3321 0 1244 3324 0 3
T 2962 3328 0 2961 3327 0 1
T 3324 3327 0 3325 3328 0 1
T 2388 3344 0 2389 3343 0 1
T 3601 3327 0 3602 3328 0 1
T 2383 3343 0 2382 3344 0 1
T 2823 3327 0 2825 3329 0 2
T 3339 3333 0 3337 3331 0 2
T 3358 3332 0 3357 3331 0 1
T 3362 3332 0 3361 3329 0 3
T 2177 3329 0 2179 3331 0 2
T 3607 3335 0 3605 3333 0 2
T 3612 3350 0 3611 3349 0 1
T 3617 3350 0 3618 3349 0 1
T 3367 3333 0 3368 3333 0 1
T 3571 3336 0 3570 3335 0 1
T 3582 3339 0 3583 3338 0 1
T 1312 3352 0 1314 3354 0 2
T 3367 3333 0 3370 3334 0 3
T 3661 3337 0 3662 3336 0 1
T 1101 3340 0 1099 3338 0 2
T 3626 3336 0 3625 3337 0 1
T 1260 3336 0 1257 3339 0 3
T 3553 3342 0 3552 3341 0 1
T 1126 3343 0 1123 3340 0 3
T 2596 3341 0 2595 3342 0 1
T 3584 3346 0 3585 3345 0 1
T 3645 3342 0 3647 3344 0 2
T 1121 3344 0 1124 3347 0 3
T 1267 3346 0 1269 3348 0 2
T 1100 3346 0 1098 3348 0 2
T 2857 3349 0 2858 3350 0 1
T 3500 3350 0 3502 3352 0 2
T 3572 3349 0 3571 3350 0 1
T 1348 3361 0 1346 3359 0 2
T 2561 3350 0 2561 3351 0 1
T 3620 3352 0 3619 3351 0 1
T 3623 3354 0 3624 3353 0 1
T 3641 3350 0 3639 3352 0 2
T 3008 3352 0 3009 3353 0 1
T 3720 3353 0 3721 3354 0 1
T 3732 3354 0 3731 3355 0 1
T 3739 3354 0 3740 3355 0 1
T 1192 3359 0 1195 3356 0 3
T 2837 3355 0 2839 3357 0 2
T 2945 3358 0 2946 3359 0 1
T 3714 3361 0 3715 3360 0 1
T 3723 3358 0 3723 3359 0 1
T 1323 3361 0 1320 3360 0 3
T 2720 3361 0 2721 3362 0 1
T 2731 3361 0 2732 3362 0 1
T 2819 3361 0 2820 3362 0 1
T 1197 3375 0 1196 3374 0 1
T 1122 3368 0 1123 3367 0 1
T 3589 3368 0 3589 3369 0 1
T 2185 3367 0 2182 3370 0 3
T 3623 3369 0 3624 3370 0 1
T 3595 3370 0 3593 3372 0 2
T 3600 3371 0 3599 3372 0 1
T 3641 3372 0 3641 3373 0 1
T 3597 3376 0 3598 3375 0 1
T 3584 3375 0 3585 3376 0 1
T 1136 3375 0 1135 3376 0 1
T 1262 3380 0 1261 3379 0 1
T 1418 3379 0 1420 3381 0 2
T 2723 3380 0 2722 3381 0 1
T 2516 3382 0 2517 3383 0 1
T 1360 3382 0 1357 3385 0 3
T 2200 3382 0 2197 3385 0 3
T 1224 3390 0 1225 3388 0 2
T 3591 3385 0 3593 3387 0 2
T 3662 3386 0 3660 3388 0 2
T 2274 3386 0 2271 3389 0 3
T 1309 3393 0 1306 3390 0 3
T 2241 3390 0 2243 3392 0 2
T 3559 3393 0 3558 3392 0 1
T 3608 3391 0 3607 3392 0 1
T 2768 3395 0 2767 3394 0 1
T 2616 3393 0 2617 3394 0 1
T 1150 3394 0 1152 3396 0 2
T 1309 3394 0 1312 3397 0 3
T 2254 3400 0 2255 3399 0 1
T 2711 3413 0 2710 3412 0 1
T 3714 3401 0 3715 3402 0 1
T 1196 3405 0 1199 3403 0 3
T 2698 3402 0 2697 3403 0 1
T 2706 3402 0 2707 3403 0 1
T 1129 3408 0 1127 3406 0 2
T 1526 3404 0 1527 3405 0 1
T 2229 3409 0 2228 3410 0 1
T 2700 3408 0 2699 3409 0 1
T 1379 3414 0 1378 3415 0 1
T 2813 3424 0 2811 3422 0 2
T 3250 3419 0 3250 3418 0 1
T 3727 3415 0 3728 3416 0 1
T 2523 3416 0 2522 3417 0 1
T 2673 3420 0 2674 3421 0 1
T 2515 3423 0 2514 3422 0 1
T 1885 3421 0 1887 3423 0 2
T 2201 3422 0 2202 3423 0 1
T 1116 3427 0 1114 3425 0 2
T 1210 3422 0 1211 3425 0 3
T 2509 3427 0 2508 3428 0 1
T 3714 3430 0 3713 3431 0 1
T 1767 3432 0 1768 3433 0 1
T 3345 3432 0 3346 3433 0 1
T 3359 3432 0 3360 3433 0 1
T 1101 3431 0 1098 3434 0 3
T 2209 3443 0 2208 3442 0 1
T 2130 3441 0 2133 3438 0 3
T 3718 3440 0 3719 3441 0 1
T 1117 3447 0 1114 3444 0 3
T 3141 3443 0 3142 3444 0 1
T 2192 3450 0 2191 3449 0 1
T 3112 3449 0 3113 3450 0 1
T 3149 3449 0 3148 3450 0 1
T 2689 3455 0 2690 3456 0 1
T 1267 3454 0 1264 3457 0 3
T 1861 3457 0 1862 3458 0 1
T 2687 3457 0 2688 3458 0 1
T 2274 3458 0 2276 3460 0 2
T 1647 3464 0 1648 3463 0 1
T 3687 3460 0 3688 3461 0 1
T 2901 3460 0 2903 3462 0 2
T 1482 3463 0 1481 3464 0 1
T 1407 3466 0 1406 3467 0 1
T 1664 3464 0 1666 3466 0 2
T 1320 3472 0 1319 3471 0 1
T 2694 3466 0 2693 3467 0 1
T 2152 3468 0 2153 3469 0 1
T 1320 3472 0 1323 3469 0 3
T 2489 3467 0 2491 3469 0 2
T 2501 3473 0 2503 3470 0 3
T 1335 3477 0 1338 3474 0 3
T 1363 3473 0 1363 3475 0 2
T 2512 3477 0 2514 3479 0 2
T 2549 3479 0 2548 3480 0 1
T 2642 3527 0 2641 3528 0 1
T 3693 3481 0 3695 3483 0 2
T 1212 3487 0 1209 3484 0 3
T 2375 3489 0 2374 3488 0 1
T 2891 3496 0 2892 3495 0 1
T 1406 3492 0 1405 3493 0 1
T 3559 3486 0 3562 3489 0 3
T 2443 3492 0 2442 3493 0 1
T 2969 3499 0 2968 3498 0 1
T 1322 3506 0 1323 3505 0 1
T 1372 3496 0 1369 3498 0 3
T 2435 3496 0 2437 3498 0 2
T 3229 3498 0 3230 3499 0 1
T 3691 3512 0 3692 3511 0 1
T 2442 3501 0 2441 3500 0 1
T 1590 3503 0 1591 3504 0 1
T 3027 3503 0 3028 3504 0 1
T 3354 3507 0 3351 3504 0 3
T 2238 3504 0 2239 3505 0 1
T 3693 3525 0 3695 3523 0 2
T 3024 3505 0 3025 3506 0 1
T 1275 3512 0 1276 3511 0 1
T 1411 3508 0 1413 3510 0 2
T 2474 3512 0 2473 3514 0 2
T 1279 3522 0 1278 3520 0 2
T 1358 3522 0 1355 3519 0 3
T 1418 3520 0 1417 3521 0 1
T 2126 3520 0 2127 3521 0 1
T 2248 3526 0 2249 3527 0 1
T 2147 3530 0 2148 3531 0 1
T 2849 3534 0 2848 3533 0 1
T 3787 3534 0 3788 3535 0 1
T 1420 3540 0 1420 3541 0 1
T 1478 3544 0 1476 3542 0 2
T 1476 3544 0 1475 3543 0 1
T 1520 3541 0 1520 3542 0 1
T 1332 3548 0 1331 3547 0 1
T 2703 3544 0 2704 3545 0 1
T 1799 3546 0 1800 3547 0 1
T 1812 3546 0 1813 3547 0 1
T 1281 3551 0 1284 3548 0 3
T 1413 3547 0 1415 3549 0 2
T 2916 3553 0 2917 3554 0 1
T 2730 3556 0 2729 3555 0 1
T 3829 3554 0 3831 3556 0 2
T 1473 3558 0 1474 3559 0 1
T 1412 3559 0 1413 3560 0 1
T 1608 3570 0 1606 3568 0 2
T 1250 3564 0 1248 3566 0 2
T 1276 3565 0 1273 3568 0 3
T 1239 3566 0 1242 3569 0 3
T 1222 3568 0 1221 3570 0 2
T 1223 3567 0 1226 3570 0 3
T 1232 3572 0 1230 3575 0 3
T 1197 3574 0 1200 3577 0 3
T 1303 3576 0 1300 3579 0 3
T 1335 3587 0 1334 3588 0 1
T 1395 3592 0 1393 3590 0 2
T 1487 3588 0 1486 3589 0 1
T 2644 3596 0 2643 3595 0 1
T 2762 3602 0 2763 3603 0 1
T 3406 3604 0 3408 3606 0 2
T 3439 3611 0 3438 3610 0 1
T 1501 3615 0 1502 3614 0 1
T 1298 3615 0 1296 3613 0 2
T 3034 3622 0 3033 3621 0 1
T 1235 3621 0 1236 3622 0 1
T 1238 3621 0 1239 3622 0 1
T 3413 3630 0 3412 3629 0 1
T 3036 3628 0 3037 3629 0 1
T 1313 3625 0 1316 3628 0 3
T 1261 3634 0 1262 3635 0 1
T 1323 3640 0 1320 3637 0 3
T 3027 3639 0 3028 3640 0 1
T 1287 3648 0 1286 3649 0 1
T 3735 3649 0 3736 3650 0 1
T 1631 3651 0 1632 3652 0 1
T 3620 3651 0 3622 3653 0 2
T 1653 3655 0 1654 3656 0 1
T 3086 3657 0 3087 3658 0 1
T 1256 3664 0 1257 3665 0 1
T 1329 3658 0 1330 3659 0 1
T 1669 3663 0 1670 3662 0 1
T 3602 3675 0 3603 3676 0 1
T 1716 3664 0 1717 3665 0 1
T 3873 3702 0 3872 3701 0 1
T 3507 3682 0 3506 3681 0 1
T 1826 3667 0 1828 3669 0 2
T 1649 3672 0 1648 3671 0 1
T 2907 3669 0 2908 3670 0 1
T 1306 3670 0 1307 3671 0 1
T 1379 3682 0 1377 3680 0 2
T 1404 3676 0 1407 3679 0 3
T 2060 3682 0 2059 3681 0 1
T 1537 3681 0 1536 3680 0 1
T 1630 3685 0 1631 3686 0 1
T 2101 3683 0 2102 3683 0 1
T 1280 3681 0 1279 3682 0 1
T 2621 3681 0 2623 3683 0 2
T 1599 3683 0 1600 3684 0 1
T 1344 3690 0 1347 3688 0 3
T 1356 3691 0 1359 3688 0 3
T 1630 3687 0 1632 3689 0 2
T 3379 3688 0 3381 3690 0 2
T 3609 3690 0 3611 3692 0 2
T 1789 3691 0 1791 3693 0 2
T 1728 3697 0 1727 3698 0 1
T 3685 3698 0 3682 3701 0 3
T 1332 3704 0 1331 3705 0 1
T 1744 3771 0 1743 3770 0 1
T 1804 3716 0 1806 3718 0 2
T 3901 3718 0 3902 3719 0 1
T 2794 3720 0 2793 3721 0 1
T 1734 3722 0 1735 3723 0 1
T 3178 3721 0 3179 3722 0 1
T 1757 3722 0 1759 3724 0 2
T 1224 3726 0 1225 3727 0 1
T 1241 3730 0 1243 3732 0 2
T 1780 3731 0 1781 3733 0 2
T 1620 3735 0 1622 3737 0 2
T 1635 3735 0 1637 3737 0 2
T 1381 3742 0 1382 3740 0 2
T 3812 3739 0 3814 3741 0 2
T 3680 3744 0 3678 3742 0 2
T 3652 3741 0 3654 3743 0 2
T 3702 3745 0 3701 3746 0 1
T 3709 3752 0 3708 3753 0 1
T 3641 3755 0 3642 3756 0 1
T 3674 3755 0 3671 3756 0 3
T 1328 3755 0 1331 3758 0 3
T 1758 3756 0 1760 3758 0 2
T 1245 3758 0 1246 3759 0 1
T 1769 3757 0 1771 3759 0 2
T 3641 3763 0 3642 3764 0 1
T 1338 3764 0 1341 3767 0 3
T 1360 3765 0 1359 3767 0 2
T 1354 3772 0 1351 3775 0 3
T 1776 3777 0 1774 3775 0 2
T 1335 3781 0 1338 3778 0 3
T 1365 3785 0 1363 3783 0 2
T 3786 3790 0 3787 3791 0 1
T 2873 3808 0 2872 3809 0 1
T 2785 3794 0 2785 3796 0 2
T 3670 3802 0 3672 3800 0 2
T 1761 3800 0 1760 3801 0 1
T 1254 3806 0 1251 3803 0 3
T 3893 3819 0 3892 3818 0 1
T 3868 3814 0 3869 3815 0 1
T 1848 3812 0 1850 3814 0 2
T 2331 3817 0 2329 3819 0 2
T 1842 3822 0 1844 3824 0 2
T 3609 3830 0 3608 3829 0 1
T 1377 3827 0 1376 3828 0 1
T 2343 3834 0 2345 3836 0 2
T 2536 3842 0 2535 3841 0 1
T 1856 3840 0 1856 3842 0 2
T 1568 3860 0 1566 3858 0 2
T 1578 3847 0 1580 3849 0 2
T 3189 3848 0 3186 3849 0 3
T 3754 3856 0 3755 3855 0 1
T 2569 3857 0 2570 3858 0 1
T 1488 3856 0 1489 3859 0 3
T 1478 3860 0 1480 3862 0 2
T 1497 3865 0 1495 3867 0 2
T 1478 3868 0 1480 3869 0 2
T 1567 3879 0 1566 3878 0 1
T 3350 3872 0 3352 3874 0 2
T 2101 3877 0 2103 3879 0 2
T 3763 3878 0 3764 3879 0 1
T 2128 3884 0 2127 3885 0 1
T 3678 3883 0 3679 3884 0 1
T 3347 3891 0 3348 3890 0 1
T 2146 3891 0 2144 3893 0 2
T 3833 3891 0 3832 3892 0 1
T 1502 3887 0 1503 3890 0 3
T 1626 3968 0 1625 3969 0 1
T 1863 3908 0 1861 3908 0 2
T 1891 3905 0 1890 3904 0 1
T 2577 3905 0 2578 3906 0 1
T 2569 3904 0 2571 3906 0 2
T 2854 3922 0 2853 3921 0 1
T 2987 3939 0 2988 3940 0 1
T 3705 3943 0 3704 3944 0 1
T 3726 3945 0 3727 3946 0 1
T 3356 3955 0 3358 3957 0 2
T 3187 3957 0 3188 3958 0 1
T 1781 3963 0 1780 3962 0 1
T 3365 3960 0 3364 3961 0 1
T 1704 3965 0 1703 3964 0 1
T 1724 3971 0 1725 3970 0 1
T 2663 3977 0 2665 3979 0 2
T 3377 3980 0 3376 3981 0 1
T 3579 3983 0 3578 3982 0 1
T 1784 3989 0 1786 3991 0 2
T 3406 3989 0 3408 3991 0 2
T 3448 3992 0 3447 3993 0 1
T 2445 3993 0 2447 3995 0 2
T 1619 3996 0 1620 3997 0 1
T 1742 4015 0 1743 4014 0 1
T 3528 4005 0 3530 4007 0 2
T 2781 4009 0 2780 4010 0 1
T 3561 4018 0 3563 4016 0 2
T 2792 4017 0 2793 4018 0 1
T 3524 4023 0 3525 4024 0 1
T 2249 4037 0 2248 4038 0 1
T 2671 4035 0 2672 4036 0 1
T 3889 4050 0 3888 4049 0 1
T 3352 4065 0 3353 4064 0 1
T 2627 4051 0 2629 4053 0 2
T 2922 4054 0 2923 4055 0 1
T 1951 4054 0 1953 4056 0 2
T 3608 4059 0 3609 4060 0 1
T 2677 4073 0 2678 4074 0 1
T 3881 4074 0 3880 4076 0 2
T 2299 4076 0 2298 4078 0 2
T 2670 4079 0 2668 4079 0 2
T 2624 4078 0 2625 4079 0 1
T 2643 4089 0 2644 4090 0 1
T 2584 4312 0 2582 4310 0 2
T 3572 4368 0 3571 4367 0 1
T 3534 4386 0 3531 4383 0 3
T 3572 4382 0 3573 4383 0 1
T 3567 4385 0 3567 4387 0 2
T 3558 4401 0 3559 4402 0 1
T 3542 4396 0 3539 4399 0 3
T 2445 4425 0 2444 4424 0 1
T 2722 4452 0 2723 4454 0 2
T 3050 4488 0 3049 4486 0 2
T 3148 4556 0 3147 4556 0 1
T 2803 4578 0 2805 4580 0 2
T 1868 4625 0 1865 4622 0 3
T 1917 4638 0 1916 4637 0 1
T 1867 4651 0 1864 4654 0 3
T 2630 4672 0 2628 4670 0 2
T 3025 4785 0 3023 4787 0 2
T 3088 4797 0 3091 4794 0 3
T 2657 4823 0 2658 4822 0 1
T 2594 4823 0 2596 4820 0 3
T 2574 4825 0 2576 4822 0 3
T 2725 4825 0 2727 4822 0 3
T 2671 4844 0 2672 4845 0 1
T 2640 4831 0 2638 4829 0 2
T 2396 4832 0 2394 4830 0 2
T 2570 4830 0 2567 4833 0 3
T 2390 4842 0 2388 4840 0 2
T 2253 4857 0 2255 4859 0 2
T 2219 4844 0 2220 4845 0 1
T 2644 4846 0 2642 4844 0 2
T 2729 4844 0 2732 4847 0 3
T 2659 4851 0 2660 4852 0 1
T 2405 4849 0 2407 4851 0 2
T 2397 4850 0 2395 4853 0 3
T 2589 4851 0 2592 4854 0 3
T 1618 4932 0 1619 4933 0 1
T 1561 5102 0 1564 5105 0 3
T 2701 5347 0 2699 5347 0 2
T 3718 5664 0 3719 5663 0 1
T 3726 5683 0 3727 5682 0 1
T 3737 5687 0 3736 5686 0 1
T 3744 5689 0 3745 5688 0 1
T 1998 5876 0 1999 5877 0 1
T 2013 5906 0 2012 5905 0 1
T 2023 5909 0 2022 5907 0 2
T 1998 5912 0 1995 5915 0 3
T 1938 5917 0 1937 5918 0 1
T 2003 5922 0 2002 5923 0 1
T 1943 5924 0 1942 5925 0 1
T 1899 5928 0 1896 5931 0 3
T 2018 5932 0 2020 5934 0 2
T 1915 5950 0 1917 5948 0 2
T 3271 5952 0 3274 5952 0 3
T 2114 5971 0 2112 5973 0 2
T 1919 5977 0 1920 5976 0 1
T 3290 5981 0 3289 5982 0 1
T 3328 5990 0 3328 5987 0 3
T 3264 5993 0 3263 5994 0 1
T 3298 6010 0 3301 6007 0 3
T 3355 6005 0 3357 6007 0 2
T 3311 6016 0 3312 6017 0 1
T 3325 6020 0 3323 6018 0 2
T 3231 6035 0 3232 6034 0 1
T 3245 6048 0 3245 6049 0 1
T 2037 6052 0 2035 6053 0 2
T 3208 6068 0 3205 6067 0 3
T 3205 6078 0 3203 6076 0 2
T 3181 6077 0 3180 6076 0 1
T 3201 6081 0 3203 6083 0 2
T 3305 6105 0 3304 6104 0 1
T 3209 6119 0 3206 6122 0 3
T 3240 6122 0 3241 6123 0 1
T 3224 6134 0 3221 6137 0 3
T 3298 6138 0 3295 6141 0 3
T 3265 6142 0 3267 6144 0 2
T 3278 6152 0 3279 6151 0 1
T 3253 6161 0 3252 6162 0 1
T 3225 6174 0 3226 6175 0 1
T 3233 6195 0 3232 6194 0 1
T 3216 6202 0 3215 6201 0 1
T 2603 6306 0 2602 6305 0 1
T 2588 6332 0 2587 6331 0 1
T 2581 6394 0 2582 6395 0 1
T 2660 6404 0 2661 6404 0 1
T 2676 6404 0 2678 6402 0 2
T 2719 6414 0 2720 6413 0 1
T 2583 6420 0 2582 6419 0 1
T 2622 6421 0 2623 6422 0 1
T 2601 6436 0 2600 6435 0 1
T 2565 6436 0 2564 6435 0 1
T 2702 6432 0 2702 6433 0 1
T 2663 6446 0 2663 6447 0 1
T 2639 6435 0 2641 6437 0 2
T 2580 6455 0 2579 6456 0 1
T 2578 8588 0 2576 8590 0 2
T 3203 9282 0 3200 9279 0 3
T 3816 9413 0 3814 9415 0 2
T 1552 9425 0 1553 9426 0 1
T 1570 9425 0 1571 9426 0 1
T 1542 9443 0 1539 9444 0 3
T 1542 9443 0 1541 9444 0 1
T 1573 9449 0 1572 9450 0 1
T 1547 9451 0 1548 9452 0 1
T 1544 9456 0 1543 9457 0 1
T 1554 9462 0 1556 9464 0 2
T 2674 9479 0 2676 9479 0 2
T 1803 9483 0 1803 9482 0 1
T 1836 9483 0 1835 9482 0 1
T 1801 9490 0 1800 9489 0 1
T 1848 9487 0 1849 9486 0 1
T 1824 9489 0 1821 9492 0 3
T 1815 9493 0 1817 9494 0 2
T 1815 9518 0 1816 9517 0 1
T 1846 9496 0 1846 9499 0 3
T 1801 9516 0 1800 9517 0 1
T 1848 9517 0 1849 9517 0 1
T 1815 9518 0 1817 9519 0 2
T 1805 9530 0 1804 9531 0 1
T 1834 9530 0 1835 9531 0 1
T 2570 9533 0 2567 9536 0 3
T 2852 9571 0 2849 9568 0 3
T 2618 9571 0 2620 9571 0 2
T 3031 9579 0 3030 9578 0 1
T 2984 9574 0 2983 9573 0 1
T 3004 9578 0 3003 9577 0 1
T 3002 9580 0 3003 9581 0 1
T 3002 9593 0 3001 9592 0 1
T 2580 9600 0 2579 9599 0 1
T 2591 9638 0 2592 9639 0 1
T 2601 9640 0 2602 9641 0 1
T 2895 9677 0 2894 9676 0 1
T 3732 9677 0 3731 9676 0 1
T 2929 9690 0 2928 9689 0 1
T 2965 9771 0 2965 9769 0 2
T 2616 9794 0 2613 9791 0 3
T 3019 9802 0 3016 9799 0 3
T 3556 9811 0 3559 9808 0 3
T 3189 9825 0 3188 9824 0 1
T 2878 9878 0 2880 9876 0 2
T 3279 9865 0 3277 9863 0 2
T 2471 9867 0 2470 9868 0 1
T 2461 9872 0 2462 9871 0 1
T 1309 9871 0 1306 9874 0 3
T 1311 9874 0 1313 9874 0 2
T 2438 9873 0 2439 9874 0 1
T 2734 9880 0 2736 9880 0 2
T 1439 9889 0 1440 9890 0 1
T 3151 9888 0 3153 9890 0 2
T 3088 9895 0 3087 9894 0 1
T 3222 9904 0 3220 9902 0 2
T 3274 9909 0 3272 9907 0 2
T 1814 9923 0 1815 9924 0 1
T 1826 9925 0 1825 9926 0 1
T 1838 9928 0 1839 9929 0 1
T 1800 9930 0 1799 9931 0 1
T 1801 9930 0 1802 9931 0 1
T 1805 9939 0 1806 9940 0 1
T 1796 9942 0 1795 9941 0 1
T 1803 9956 0 1804 9955 0 1
T 1811 9972 0 1812 9973 0 1
T 3163 10022 0 3162 10021 0 1
T 3168 10027 0 3170 10025 0 2
T 3169 10032 0 3169 10031 0 1
T 1612 10050 0 1614 10047 0 3
T 3348 10080 0 3347 10079 0 1
T 2824 10076 0 2824 10077 0 1
T 2832 10080 0 2831 10081 0 1
T 3353 10092 0 3351 10090 0 2
T 3339 10096 0 3338 10097 0 1
T 3418 10110 0 3419 10109 0 1
T 1809 10114 0 1807 10114 0 2
T 1745 10174 0 1743 10174 0 2
T 2835 10203 0 2836 10204 0 1
T 2516 10246 0 2515 10245 0 1
T 2615 10270 0 2614 10273 0 3
T 3056 10338 0 3057 10339 0 1
T 2483 10450 0 2484 10451 0 1
T 1901 2399 0 1901 2401 0 2
T 1887 2412 0 1889 2414 0 2
T 1863 2454 0 1864 2455 0 1
T 1876 2452 0 1875 2454 0 2
T 2645 2581 0 2646 2582 0 1
T 2663 2581 0 2664 2582 0 1
T 2639 2598 0 2640 2599 0 1
T 2669 2598 0 2670 2599 0 1
T 3424 2736 0 3425 2735 0 1
T 3410 2819 0 3411 2818 0 1
T 3419 2853 0 3418 2854 0 1
T 1292 2905 0 1295 2908 0 3
T 3826 2961 0 3825 2962 0 1
T 3803 2966 0 3804 2967 0 1
T 3102 3039 0 3100 3037 0 2
T 1809 3070 0 1810 3069 0 1
T 2368 3089 0 2367 3088 0 1
T 1819 3088 0 1821 3090 0 2
T 3136 3091 0 3137 3092 0 1
T 2368 3117 0 2368 3118 0 1
T 1627 3140 0 1628 3140 0 1
T 1497 3150 0 1496 3149 0 1
T 2309 3157 0 2311 3159 0 2
T 1467 3166 0 1468 3164 0 2
T 1721 3180 0 1720 3179 0 1
T 2082 3182 0 2084 3184 0 2
T 3598 3231 0 3597 3232 0 1
T 3594 3236 0 3592 3238 0 2
T 3608 3241 0 3609 3242 0 1
T 3595 3303 0 3595 3304 0 1
T 1240 3328 0 1237 3325 0 3
T 1100 3335 0 1101 3334 0 1
T 1233 3336 0 1231 3339 0 3
T 1194 3354 0 1193 3353 0 1
T 1284 3355 0 1286 3353 0 2
T 1335 3352 0 1335 3355 0 3
T 1301 3353 0 1301 3356 0 3
T 1285 3360 0 1287 3362 0 2
T 1318 3362 0 1316 3360 0 2
T 1243 3372 0 1241 3370 0 2
T 1308 3374 0 1305 3371 0 3
T 1311 3374 0 1308 3371 0 3
T 1320 3371 0 1321 3373 0 2
T 1344 3373 0 1341 3376 0 3
T 1117 3383 0 1119 3385 0 2
T 1321 3409 0 1322 3408 0 1
T 1340 3425 0 1337 3422 0 3
T 1300 3427 0 1297 3426 0 3
T 1303 3425 0 1306 3428 0 3
T 1210 3430 0 1211 3433 0 3
T 1262 3452 0 1260 3450 0 2
T 1314 3458 0 1311 3455 0 3
T 1246 3461 0 1244 3459 0 2
T 2507 3468 0 2508 3467 0 1
T 2545 3495 0 2544 3496 0 1
T 1347 3512 0 1344 3515 0 3
T 2151 3549 0 2149 3547 0 2
T 1297 3576 0 1296 3575 0 1
T 1295 3582 0 1293 3580 0 2
T 1270 3585 0 1272 3587 0 2
T 1263 3590 0 1266 3593 0 3
T 1251 3595 0 1253 3597 0 2
T 1248 3600 0 1251 3603 0 3
T 1263 3634 0 1266 3631 0 3
T 3667 3749 0 3665 3747 0 2
T 3697 3746 0 3696 3747 0 1
T 2770 3756 0 2771 3759 0 3
T 3670 3760 0 3668 3762 0 2
T 3671 3794 0 3669 3792 0 2
T 1435 3922 0 1435 3925 0 3
T 1466 3933 0 1463 3936 0 3
T 1757 3968 0 1755 3966 0 2
T 3468 4043 0 3469 4044 0 1
T 3467 4043 0 3470 4046 0 3
T 3435 4057 0 3433 4055 0 2
T 2635 4055 0 2638 4058 0 3
T 3413 4064 0 3416 4064 0 3
T 2721 4467 0 2723 4469 0 2
T 1864 4612 0 1862 4612 0 2
T 1911 4612 0 1913 4612 0 2
T 1911 4614 0 1914 4617 0 3
T 1897 4653 0 1898 4656 0 3
T 1859 4661 0 1859 4663 0 2
T 2756 4670 0 2758 4672 0 2
T 2815 4799 0 2818 4802 0 3
T 2601 4811 0 2604 4813 0 3
T 2607 4827 0 2608 4828 0 1
T 2607 4827 0 2604 4830 0 3
T 2419 4840 0 2420 4841 0 1
T 2565 4844 0 2565 4846 0 2
T 2601 4852 0 2604 4849 0 3
T 2409 4853 0 2410 4854 0 1
T 2604 4854 0 2605 4855 0 1
T 1564 5112 0 1563 5115 0 3
T 3726 5644 0 3727 5643 0 1
T 3727 5651 0 3728 5652 0 1
T 3748 5685 0 3749 5684 0 1
T 3761 5687 0 3759 5685 0 2
T 3761 5687 0 3762 5686 0 1
T 3187 5952 0 3189 5952 0 2
T 3294 5952 0 3297 5952 0 3
T 3289 5954 0 3290 5955 0 1
T 3328 5987 0 3326 5985 0 2
T 3250 5989 0 3247 5986 0 3
T 3251 5993 0 3250 5994 0 1
T 3193 6050 0 3195 6050 0 2
T 2692 6277 0 2693 6276 0 1
T 2623 6438 0 2622 6439 0 1
T 2638 9735 0 2640 9737 0 2
T 2638 9758 0 2640 9760 0 2
T 1306 9874 0 1304 9872 0 2
T 2880 9895 0 2879 9896 0 1
T 1843 9926 0 1844 9925 0 1
T 3186 10009 0 3187 10010 0 1
T 3166 10014 0 3168 10016 0 2
T 3197 10022 0 3198 10021 0 1
T 1783 10114 0 1781 10114 0 2
T 1299 2911 0 1297 2914 0 3
T 1476 3138 0 1473 3141 0 3
T 1206 3300 0 1205 3299 0 1
T 1232 3313 0 1233 3312 0 1
T 1200 3312 0 1199 3311 0 1
T 1181 3344 0 1183 3346 0 2
T 1215 3347 0 1218 3350 0 3
T 1290 3358 0 1291 3359 0 1
T 1290 3363 0 1293 3365 0 3
T 1239 3369 0 1239 3366 0 3
T 1336 3393 0 1337 3392 0 1
T 1240 3429 0 1243 3426 0 3
T 1294 3427 0 1293 3428 0 1
T 1306 3437 0 1306 3440 0 3
T 1219 3453 0 1216 3456 0 3
T 1224 3453 0 1227 3456 0 3
T 1250 3604 0 1248 3605 0 2
T 1269 3624 0 1271 3621 0 3
T 3671 3781 0 3673 3779 0 2
T 3417 4067 0 3416 4068 0 1
T 2756 4674 0 2757 4675 0 1
T 2790 4722 0 2792 4722 0 2
T 2859 4812 0 2862 4815 0 3
T 2613 4832 0 2611 4835 0 3
T 2611 4848 0 2614 4847 0 3
T 2411 4855 0 2413 4856 0 2
T 2562 4854 0 2565 4857 0 3
T 1576 5115 0 1577 5114 0 1
T 1560 5116 0 1558 5114 0 2
T 3756 5638 0 3757 5639 0 1
T 3762 5653 0 3763 5652 0 1
T 3760 5665 0 3761 5664 0 1
T 3742 5659 0 3745 5662 0 3
T 3767 5679 0 3768 5678 0 1
T 3197 5955 0 3199 5953 0 2
T 3324 5960 0 3327 5957 0 3
T 3205 5963 0 3205 5962 0 1
T 3195 5964 0 3197 5966 0 2
T 3192 5972 0 3194 5974 0 2
T 3210 5980 0 3208 5982 0 2
T 2751 6295 0 2754 6298 0 3
T 2751 6296 0 2754 6299 0 3
T 2751 6305 0 2754 6308 0 3
T 1842 9893 0 1841 9892 0 1
T 1847 9916 0 1848 9915 0 1
T 1228 3353 0 1225 3356 0 3
T 1241 3366 0 1242 3364 0 2
T 1233 3363 0 1231 3365 0 2
T 1246 3420 0 1245 3419 0 1
T 1289 3430 0 1287 3432 0 2
T 1288 3452 0 1285 3455 0 3
T 1218 3456 0 1221 3458 0 3
T 3675 3772 0 3674 3770 0 2
T 3766 5640 0 3767 5639 0 1
T 3766 5657 0 3767 5658 0 1
T 3764 5670 0 3765 5671 0 1
T 3344 5889 0 3343 5888 0 1
T 3344 5888 0 3341 5889 0 3
T 3343 5897 0 3340 5898 0 3
T 3389 5912 0 3391 5913 0 2
T 3361 5933 0 3362 5934 0 1
T 3365 5949 0 3366 5950 0 1
T 2773 6300 0 2774 6298 0 2
T 2773 6305 0 2775 6307 0 2
T 2781 6293 0 2779 6290 0 3
T 2781 6293 0 2781 6292 0 1
T 2790 6293 0 2789 6290 0 3
T 2798 6299 0 2797 6298 0 1
T 2788 6309 0 2789 6310 0 1
T 2797 6307 0 2797 6308 0 1
T 2779 6312 0 2781 6314 0 2
T 2778 6313 0 2779 6316 0 3
T 2788 6316 0 2789 6316 0 1
T 3279 2766 1 3278 2765 1 1
T 3278 2774 1 3278 2775 1 1
T 3425 2897 1 3424 2894 1 3
T 3447 2898 1 3444 2901 1 3
T 3356 2954 1 3355 2953 1 1
T 3059 2998 1 3057 2996 1 2
T 1558 3033 1 1559 3033 1 1
T 3422 3178 1 3421 3177 1 1
T 3625 3201 1 3624 3200 1 1
T 3605 3208 1 3604 3209 1 1
T 3620 3226 1 3618 3228 1 2
T 3594 3230 1 3596 3232 1 2
T 3611 3230 1 3613 3232 1 2
T 3628 3241 1 3630 3243 1 2
T 3623 3252 1 3621 3252 1 2
T 3093 3251 1 3095 3253 1 2
T 3096 3270 1 3096 3271 1 1
T 3624 3279 1 3627 3282 1 3
T 2649 3287 1 2648 3289 1 2
T 3613 3298 1 3610 3301 1 3
T 3607 3313 1 3610 3316 1 3
T 2615 3322 1 2612 3319 1 3
T 2610 3322 1 2610 3321 1 1
T 3636 3329 1 3633 3326 1 3
T 2579 3330 1 2580 3331 1 1
T 3726 3358 1 3727 3359 1 1
T 3273 3377 1 3276 3376 1 3
T 3206 3384 1 3203 3381 1 3
T 3238 3382 1 3239 3383 1 1
T 3592 3385 1 3595 3388 1 3
T 3644 3391 1 3641 3388 1 3
T 3202 3398 1 3201 3397 1 1
T 3620 3398 1 3617 3395 1 3
T 3180 3399 1 3182 3397 1 2
T 3246 3410 1 3246 3411 1 1
T 3214 3414 1 3213 3415 1 1
T 3267 3442 1 3270 3439 1 3
T 3259 3485 1 3262 3482 1 3
T 3234 3500 1 3235 3501 1 1
T 1537 3542 1 1536 3541 1 1
T 3557 3546 1 3556 3545 1 1
T 1566 3548 1 1565 3549 1 1
T 1568 3563 1 1567 3564 1 1
T 1526 3570 1 1527 3571 1 1
T 1541 3573 1 1540 3574 1 1
T 1509 3588 1 1508 3587 1 1
T 1513 3588 1 1514 3588 1 1
T 3132 3625 1 3134 3627 1 2
T 3146 3643 1 3148 3645 1 2
T 2666 3692 1 2663 3689 1 3
T 2729 3807 1 2728 3808 1 1
T 2521 3850 1 2520 3851 1 1
T 3769 3865 1 3768 3864 1 1
T 2508 3871 1 2509 3870 1 1
T 3280 3929 1 3277 3930 1 3
T 3283 3937 1 3284 3938 1 1
T 3017 3958 1 3017 3960 1 2
T 2647 3998 1 2646 3999 1 1
T 2658 4082 1 2659 4082 1 1
T 2174 4595 1 2175 4594 1 1
T 2140 4639 1 2141 4638 1 1
T 2129 4645 1 2128 4646 1 1
T 2143 4653 1 2144 4654 1 1
T 2012 4703 1 2013 4702 1 1
T 2002 4707 1 1999 4708 1 3
T 2035 4709 1 2037 4711 1 2
T 2004 4713 1 2003 4714 1 1
T 2015 4717 1 2016 4718 1 1
T 2010 4715 1 2008 4717 1 2
T 3042 4997 1 3040 4997 1 2
T 2736 5303 1 2737 5304 1 1
T 2705 5349 1 2706 5349 1 1
T 1947 8966 1 1949 8964 1 2
T 1952 8987 1 1954 8989 1 2
T 2050 8993 1 2051 8994 1 1
T 1905 8998 1 1904 8997 1 1
T 2050 8995 1 2053 8998 1 3
T 2066 8996 1 2063 8999 1 3
T 1416 9540 1 1417 9541 1 1
T 1443 9534 1 1446 9536 1 3
T 1393 9550 1 1390 9547 1 3
T 1408 9577 1 1405 9578 1 3
T 1460 9581 1 1460 9583 1 2
T 1472 9582 1 1471 9583 1 1
T 1472 9591 1 1469 9594 1 3
T 1438 9599 1 1438 9600 1 1
T 1434 9598 1 1432 9601 1 3
T 3793 9724 1 3792 9725 1 1
T 3815 9724 1 3816 9725 1 1
T 3787 9731 1 3787 9730 1 1
T 3817 9731 1 3816 9730 1 1
T 3773 9736 1 3774 9735 1 1
T 3843 9731 1 3842 9732 1 1
T 3726 9733 1 3723 9733 1 3
T 3783 9736 1 3782 9735 1 1
T 3788 9734 1 3789 9735 1 1
T 3815 9734 1 3816 9735 1 1
T 3833 9734 1 3834 9735 1 1
T 3791 9744 1 3790 9743 1 1
T 3791 9744 1 3792 9743 1 1
T 3829 9746 1 3826 9743 1 3
T 3751 9745 1 3750 9744 1 1
T 3753 9746 1 3754 9745 1 1
T 3880 9753 1 3879 9752 1 1
T 3760 9760 1 3762 9762 1 2
T 3753 9762 1 3754 9763 1 1
T 3776 9766 1 3773 9769 1 3
T 3789 9790 1 3787 9788 1 2
T 3843 9769 1 3842 9770 1 1
T 3886 9770 1 3888 9772 1 2
T 3792 9789 1 3795 9786 1 3
T 3827 9789 1 3828 9788 1 1
T 2869 9792 1 2867 9790 1 2
T 3782 9793 1 3781 9792 1 1
T 3821 9792 1 3819 9790 1 2
T 2851 9804 1 2854 9807 1 3
T 2872 9813 1 2869 9810 1 3
T 2790 9811 1 2791 9812 1 1
T 3801 9818 1 3802 9819 1 1
T 2795 9823 1 2794 9824 1 1
T 2875 9828 1 2876 9829 1 1
T 3285 2764 1 3288 2766 1 3
T 1561 3033 1 1562 3034 1 1
T 3241 3383 1 3242 3381 1 2
T 2045 4673 1 2046 4672 1 1
T 2990 4998 1 2988 4998 1 2
T 2055 9000 1 2054 9001 1 1
T 1408 9531 1 1411 9528 1 3
T 1387 9560 1 1387 9561 1 1
T 1461 9594 1 1462 9596 1 2
T 1421 9611 1 1423 9613 1 2
T 1454 9611 1 1456 9613 1 2
T 1454 9639 1 1453 9641 1 2
T 1447 9646 1 1449 9645 1 2
T 1408 9663 1 1407 9664 1 1
T 1471 9663 1 1472 9664 1 1
T 2953 5025 1 2953 5027 1 2
T 2052 9008 1 2051 9007 1 1
T 2052 9008 1 2049 9006 1 3
T 1405 9676 1 1406 9677 1 1
T 1404 9692 1 1403 9693 1 1
T 3315 2774 2 3312 2771 2 3
T 1556 3042 2 1554 3040 2 2
T 1553 3045 2 1551 3045 2 2
T 1559 3051 2 1561 3053 2 2
T 3107 3156 2 3106 3155 2 1
T 3112 3159 2 3113 3158 2 1
T 3039 3379 2 3042 3382 2 3
T 3258 3484 2 3259 3483 2 1
T 2849 3534 2 2848 3533 2 1
T 2838 3537 2 2837 3536 2 1
T 3546 3539 2 3543 3542 2 3
T 3551 3539 2 3554 3542 2 3
T 3546 3555 2 3545 3554 2 1
T 3550 3553 2 3551 3552 2 1
T 3282 3938 2 3283 3939 2 1
T 3141 4573 2 3141 4575 2 2
T 2266 4830 2 2269 4827 2 3
T 2277 4834 2 2279 4832 2 2
T 2834 4942 2 2831 4939 2 3
T 2855 5283 2 2852 5280 2 3
T 3251 9515 2 3253 9517 2 2
T 3670 9742 2 3667 9739 2 3
T 2863 10187 2 2860 10184 2 3
T 2285 4846 2 2283 4848 2 2
T 2839 5294 2 2837 5296 2 2
T 2898 4947 3 2895 4944 3 3
T 1497 9929 3 1496 9930 3 1
T 1500 9934 3 1501 9935 3 1
T 1518 9936 3 1521 9936 3 3
T 1524 9942 3 1523 9941 3 1
T 1493 9943 3 1494 9944 3 1
T 1505 9943 3 1506 9944 3 1
T 1483 9957 3 1484 9958 3 1
T 1493 9957 3 1494 9958 3 1
T 1504 9972 3 1503 9974 3 2
T 1496 9978 3 1495 9979 3 1
T 1495 9980 3 1492 9983 3 3
